[ 0, 0, 0, 0, 0.3125, 0.3429, 0.3056, 0.2672, 0.2672, 0.3056, 0.3429, 0.3125, 0, 0, 0, 0; 
0, 0, 0.2312, 0.5564, 0.9694, 0.8818, 0.9763, 0.6306, 0.6306, 0.9763, 0.8818, 0.9694, 0.5564, 0.2312, 0, 0; 
0, 0.2312, 0.4734, 1.1280, 1.2876, 1.5093, 1.2324, 1.0189, 1.0189, 1.2324, 1.5093, 1.2876, 1.1280, 0.4734, 0.2312, 0; 
0, 0.5564, 1.1280, 1.0959, 1.6552, 1.2660, 1.5658, 1.0441, 1.0441, 1.5658, 1.2660, 1.6552, 1.0959, 1.1280, 0.5564, 0; 
0.3125, 0.9694, 1.2876, 1.6552, 1.4666, 1.7052, 1.3832, 1.1752, 1.1752, 1.3832, 1.7052, 1.4666, 1.6552, 1.2876, 0.9694, 0.3125; 
0.3429, 0.8818, 1.5093, 1.2660, 1.7052, 1.1338, 1.3861, 1.0652, 1.0652, 1.3861, 1.1338, 1.7052, 1.2660, 1.5093, 0.8818, 0.3429; 
0.3056, 0.9763, 1.2324, 1.5658, 1.3832, 1.3861, 0.7272, 0.6431, 0.6431, 0.7272, 1.3861, 1.3832, 1.5658, 1.2324, 0.9763, 0.3056; 
0.2672, 0.6306, 1.0189, 1.0441, 1.1752, 1.0652, 0.6431, 0.4765, 0.4765, 0.6431, 1.0652, 1.1752, 1.0441, 1.0189, 0.6306, 0.2672; 
0.2672, 0.6306, 1.0189, 1.0441, 1.1752, 1.0652, 0.6431, 0.4765, 0.4765, 0.6431, 1.0652, 1.1752, 1.0441, 1.0189, 0.6306, 0.2672; 
0.3056, 0.9763, 1.2324, 1.5658, 1.3832, 1.3861, 0.7272, 0.6431, 0.6431, 0.7272, 1.3861, 1.3832, 1.5658, 1.2324, 0.9763, 0.3056; 
0.3429, 0.8818, 1.5093, 1.2660, 1.7052, 1.1338, 1.3861, 1.0652, 1.0652, 1.3861, 1.1338, 1.7052, 1.2660, 1.5093, 0.8818, 0.3429; 
0.3125, 0.9694, 1.2876, 1.6552, 1.4666, 1.7052, 1.3832, 1.1752, 1.1752, 1.3832, 1.7052, 1.4666, 1.6552, 1.2876, 0.9694, 0.3125; 
0, 0.5564, 1.1280, 1.0959, 1.6552, 1.2660, 1.5658, 1.0441, 1.0441, 1.5658, 1.2660, 1.6552, 1.0959, 1.1280, 0.5564, 0; 
0, 0.2312, 0.4734, 1.1280, 1.2876, 1.5093, 1.2324, 1.0189, 1.0189, 1.2324, 1.5093, 1.2876, 1.1280, 0.4734, 0.2312, 0; 
0, 0, 0.2312, 0.5564, 0.9694, 0.8818, 0.9763, 0.6306, 0.6306, 0.9763, 0.8818, 0.9694, 0.5564, 0.2312, 0, 0; 
0, 0, 0, 0, 0.3125, 0.3429, 0.3056, 0.2672, 0.2672, 0.3056, 0.3429, 0.3125, 0, 0, 0, 0]; 




[ 0.0000, 0.4064, 0.6643, 0.8452, 0.9675, 1.0540, 1.1180, 1.1661, 1.2016, 1.2266, 1.2423, 1.2494, 1.2486, 1.2401, 1.2240, 1.2004, 1.1690, 1.1295, 1.0814, 1.0237, 0.9541, 0.8683, 0.7565, 0.5989, 0.3642, 0.0000]; 
