[ 0, 0, 0, 0, 0.4318, 0.4774, 0.4394, 0.4033, 0.4033, 0.4394, 0.4774, 0.4318, 0, 0, 0, 0; 
0, 0, 0.3358, 0.6748, 1.0628, 0.9691, 1.1003, 0.7765, 0.7765, 1.1003, 0.9691, 1.0628, 0.6748, 0.3358, 0, 0; 
0, 0.3358, 0.5903, 1.1685, 1.2246, 1.4060, 1.2051, 1.0724, 1.0724, 1.2051, 1.4060, 1.2246, 1.1685, 0.5903, 0.3358, 0; 
0, 0.6748, 1.1685, 1.0579, 1.4396, 1.1446, 1.4090, 1.0303, 1.0303, 1.4090, 1.1446, 1.4396, 1.0579, 1.1685, 0.6748, 0; 
0.4318, 1.0628, 1.2246, 1.4396, 1.2519, 1.4472, 1.2456, 1.1345, 1.1345, 1.2456, 1.4472, 1.2519, 1.4396, 1.2246, 1.0628, 0.4318; 
0.4774, 0.9691, 1.4060, 1.1446, 1.4472, 1.0586, 1.3205, 1.0834, 1.0834, 1.3205, 1.0586, 1.4472, 1.1446, 1.4060, 0.9691, 0.4774; 
0.4394, 1.1003, 1.2051, 1.4090, 1.2456, 1.3205, 0.8288, 0.7919, 0.7919, 0.8288, 1.3205, 1.2456, 1.4090, 1.2051, 1.1003, 0.4394; 
0.4033, 0.7765, 1.0724, 1.0303, 1.1345, 1.0834, 0.7919, 0.6634, 0.6634, 0.7919, 1.0834, 1.1345, 1.0303, 1.0724, 0.7765, 0.4033; 
0.4033, 0.7765, 1.0724, 1.0303, 1.1345, 1.0834, 0.7919, 0.6634, 0.6634, 0.7919, 1.0834, 1.1345, 1.0303, 1.0724, 0.7765, 0.4033; 
0.4394, 1.1003, 1.2051, 1.4090, 1.2456, 1.3205, 0.8288, 0.7919, 0.7919, 0.8288, 1.3205, 1.2456, 1.4090, 1.2051, 1.1003, 0.4394; 
0.4774, 0.9691, 1.4060, 1.1446, 1.4472, 1.0586, 1.3205, 1.0834, 1.0834, 1.3205, 1.0586, 1.4472, 1.1446, 1.4060, 0.9691, 0.4774; 
0.4318, 1.0628, 1.2246, 1.4396, 1.2519, 1.4472, 1.2456, 1.1345, 1.1345, 1.2456, 1.4472, 1.2519, 1.4396, 1.2246, 1.0628, 0.4318; 
0, 0.6748, 1.1685, 1.0579, 1.4396, 1.1446, 1.4090, 1.0303, 1.0303, 1.4090, 1.1446, 1.4396, 1.0579, 1.1685, 0.6748, 0; 
0, 0.3358, 0.5903, 1.1685, 1.2246, 1.4060, 1.2051, 1.0724, 1.0724, 1.2051, 1.4060, 1.2246, 1.1685, 0.5903, 0.3358, 0; 
0, 0, 0.3358, 0.6748, 1.0628, 0.9691, 1.1003, 0.7765, 0.7765, 1.1003, 0.9691, 1.0628, 0.6748, 0.3358, 0, 0; 
0, 0, 0, 0, 0.4318, 0.4774, 0.4394, 0.4033, 0.4033, 0.4394, 0.4774, 0.4318, 0, 0, 0, 0]; 




[ 0.0000, 1.2408, 1.7392, 1.8989, 1.8719, 1.7693, 1.6408, 1.5076, 1.3782, 1.2558, 1.1417, 1.0364, 0.9398, 0.8519, 0.7727, 0.7021, 0.6399, 0.5861, 0.5409, 0.5040, 0.4747, 0.4504, 0.4233, 0.3737, 0.2602, 0.0000]; 
