[ 0, 0, 0, 0, 0.3934, 0.4338, 0.3930, 0.3531, 0.3531, 0.3930, 0.4338, 0.3934, 0, 0, 0, 0; 
0, 0, 0.2975, 0.6459, 1.0622, 0.9559, 1.0835, 0.7321, 0.7321, 1.0835, 0.9559, 1.0622, 0.6459, 0.2975, 0, 0; 
0, 0.2975, 0.5551, 1.1807, 1.2569, 1.4542, 1.2209, 1.0570, 1.0570, 1.2209, 1.4542, 1.2569, 1.1807, 0.5551, 0.2975, 0; 
0, 0.6459, 1.1807, 1.0707, 1.5067, 1.1702, 1.4565, 1.0239, 1.0239, 1.4565, 1.1702, 1.5067, 1.0707, 1.1807, 0.6459, 0; 
0.3934, 1.0622, 1.2569, 1.5067, 1.2992, 1.5126, 1.2734, 1.1331, 1.1331, 1.2734, 1.5126, 1.2992, 1.5067, 1.2569, 1.0622, 0.3934; 
0.4338, 0.9559, 1.4542, 1.1702, 1.5126, 1.0615, 1.3324, 1.0618, 1.0618, 1.3324, 1.0615, 1.5126, 1.1702, 1.4542, 0.9559, 0.4338; 
0.3930, 1.0835, 1.2209, 1.4565, 1.2734, 1.3324, 0.7768, 0.7222, 0.7222, 0.7768, 1.3324, 1.2734, 1.4565, 1.2209, 1.0835, 0.3930; 
0.3531, 0.7321, 1.0570, 1.0239, 1.1331, 1.0618, 0.7222, 0.5754, 0.5754, 0.7222, 1.0618, 1.1331, 1.0239, 1.0570, 0.7321, 0.3531; 
0.3531, 0.7321, 1.0570, 1.0239, 1.1331, 1.0618, 0.7222, 0.5754, 0.5754, 0.7222, 1.0618, 1.1331, 1.0239, 1.0570, 0.7321, 0.3531; 
0.3930, 1.0835, 1.2209, 1.4565, 1.2734, 1.3324, 0.7768, 0.7222, 0.7222, 0.7768, 1.3324, 1.2734, 1.4565, 1.2209, 1.0835, 0.3930; 
0.4338, 0.9559, 1.4542, 1.1702, 1.5126, 1.0615, 1.3324, 1.0618, 1.0618, 1.3324, 1.0615, 1.5126, 1.1702, 1.4542, 0.9559, 0.4338; 
0.3934, 1.0622, 1.2569, 1.5067, 1.2992, 1.5126, 1.2734, 1.1331, 1.1331, 1.2734, 1.5126, 1.2992, 1.5067, 1.2569, 1.0622, 0.3934; 
0, 0.6459, 1.1807, 1.0707, 1.5067, 1.1702, 1.4565, 1.0239, 1.0239, 1.4565, 1.1702, 1.5067, 1.0707, 1.1807, 0.6459, 0; 
0, 0.2975, 0.5551, 1.1807, 1.2569, 1.4542, 1.2209, 1.0570, 1.0570, 1.2209, 1.4542, 1.2569, 1.1807, 0.5551, 0.2975, 0; 
0, 0, 0.2975, 0.6459, 1.0622, 0.9559, 1.0835, 0.7321, 0.7321, 1.0835, 0.9559, 1.0622, 0.6459, 0.2975, 0, 0; 
0, 0, 0, 0, 0.3934, 0.4338, 0.3930, 0.3531, 0.3531, 0.3930, 0.4338, 0.3934, 0, 0, 0, 0]; 




[ 0.0000, 0.5560, 0.8358, 0.9807, 1.0405, 1.0595, 1.0606, 1.0551, 1.0481, 1.0420, 1.0376, 1.0353, 1.0351, 1.0370, 1.0410, 1.0473, 1.0560, 1.0669, 1.0798, 1.0930, 1.1023, 1.0974, 1.0548, 0.9235, 0.6148, 0.0000]; 
